2.31
2.21
2.21
2.25
2.44
2.37
2.16
1.68
1.65
1.57
1.56
1.60
1.58
1.47
1.55
1.47
1.49
1.60
1.89
2.35
2.54
2.41
2.22
2.07
2.06
2.14
2.19
2.27
2.28
2.36
2.18
1.74
1.82
1.70
1.76
1.79
1.71
1.72
1.71
1.66
1.74
1.72
2.08
2.23
2.40
2.34
2.17
2.06
2.07
2.16
2.20
2.27
2.36
2.53
2.35
2.01
1.76
1.63
1.56
1.56
1.64
1.60
1.54
1.49
1.58
1.75
2.10
2.79
3.28
3.06
2.68
2.55
2.43
2.42
2.39
2.40
2.50
2.71
2.43
1.98
1.78
1.64
1.62
1.50
1.46
1.50
1.51
1.47
1.47
1.48
1.89
2.41
2.51
2.34
2.16
2.16
2.14
2.10
2.11
2.14
2.25
2.43
2.26
2.06
1.94
1.85
1.79
1.66
1.54
1.64
1.83
1.83
1.77
1.88
2.17
2.68
2.66
2.48
2.54
2.44
2.32
2.42
2.36
2.36
2.47
2.56
2.54
2.06
1.75
1.64
1.48
1.44
1.44
1.35
1.38
1.38
1.42
1.46
2.05
2.91
2.91
2.53
2.41
2.32
2.15
2.08
2.09
2.13
2.36
2.67
2.40
1.89
1.64
1.57
1.51
1.31
1.24
1.20
1.15
1.19
1.23
1.38
1.78
2.31
2.26
2.19
2.25
2.26
2.17
2.20
2.17
2.25
2.36
2.44
2.24
1.92
1.72
1.62
1.53
1.46
1.43
1.40
1.42
1.40
1.45
1.57
2.01
2.84
2.89
2.63
2.49
2.35
2.29
2.33
2.31
2.32
2.38
2.51
2.22
1.86
1.68
1.59
1.55
1.56
1.59
1.54
1.51
1.51
1.63
1.74
2.07
2.52
2.57
2.45
2.14
2.02
2.03
2.04
2.08
2.10
2.21
2.55
2.52
2.02
1.60
1.55
1.50
1.50
1.45
1.43
1.39
1.43
1.50
1.78
2.26
2.92
3.17
2.93
2.89
2.92
