6.41
6.38
6.40
6.50
6.77
6.95
7.24
6.78
6.98
6.71
5.70
5.60
5.71
5.55
5.61
6.07
6.41
7.63
7.99
7.62
7.11
6.87
7.81
8.43
8.31
8.22
8.20
8.22
8.25
8.45
7.53
7.03
6.04
5.71
4.97
5.02
5.14
5.04
5.18
5.69
7.07
9.12
9.00
8.59
8.94
8.46
7.81
7.49
7.46
7.13
6.59
6.51
6.34
6.72
6.54
6.65
6.26
5.53
4.82
4.59
4.92
5.33
5.55
5.90
6.30
6.65
7.03
7.00
6.91
6.75
6.66
6.97
6.83
6.88
6.71
6.44
6.01
5.77
5.95
5.87
5.45
4.68
4.11
4.08
4.04
4.12
4.59
4.84
5.28
5.85
6.09
6.09
6.10
5.58
5.84
6.02
6.07
6.09
6.03
5.97
5.68
5.97
6.02
5.65
5.31
4.47
4.49
4.40
4.34
4.41
4.61
4.97
5.75
6.67
6.92
6.59
6.05
5.89
6.33
6.10
6.12
6.29
6.29
6.08
6.15
6.92
6.86
6.55
6.16
5.87
4.76
4.38
4.35
4.61
5.08
5.50
6.01
6.66
7.01
6.88
6.32
6.28
6.04
6.12
6.05
6.13
6.10
6.04
6.30
6.75
6.35
5.56
5.12
4.90
4.36
4.40
4.46
4.55
4.68
4.98
5.64
6.65
6.94
6.94
6.35
6.34
6.14
6.86
6.96
6.99
6.79
6.89
6.87
7.20
6.91
6.45
5.65
5.44
5.06
4.84
4.97
5.21
5.43
5.77
6.58
8.24
8.54
8.11
7.68
7.10
6.87
7.41
7.42
6.91
7.03
7.02
7.98
8.96
7.18
6.31
5.61
5.17
4.74
4.62
4.77
4.96
5.21
5.52
7.02
7.85
7.96
7.52
7.40
7.01
6.75
6.64
6.55
6.32
6.02
5.55
5.16
6.23
6.06
5.27
4.64
4.33
4.35
4.26
4.83
4.70
4.85
5.45
5.74
6.00
6.18
6.06
5.87
5.08
4.62
4.70
