2.00
2.00
2.00
2.00
1.99
1.99
1.99
1.99
1.99
2.00
2.00
2.00
2.00
2.00
2.00
2.00
2.00
2.00
2.00
2.00
2.00
2.00
2.00
2.00
2.00
2.00
1.99
1.99
1.99
1.99
1.99
1.99
1.99
1.99
1.99
1.99
2.00
2.00
2.00
2.00
2.00
2.00
2.06
2.06
2.06
2.06
2.06
2.06
2.06
2.06
2.06
2.06
2.06
2.06
2.06
2.06
2.06
2.06
2.06
2.06
2.06
2.06
2.06
2.06
2.06
2.06
1.94
1.94
1.94
1.94
1.94
1.94
1.94
1.93
1.93
1.93
1.93
1.93
1.93
1.93
1.93
1.93
1.93
1.93
1.93
1.93
1.94
1.93
1.93
1.93
1.94
1.94
1.94
1.94
1.94
1.94
1.94
1.94
1.93
1.93
1.93
1.93
1.93
1.93
1.93
1.93
1.93
1.93
1.93
1.93
1.94
1.93
1.93
1.93
1.89
1.89
1.89
1.89
1.89
1.89
1.89
1.89
1.88
1.88
1.88
1.88
1.88
1.88
1.88
1.88
1.88
1.88
1.88
1.88
1.89
1.89
1.89
1.89
1.80
1.80
1.80
1.80
1.80
1.80
1.80
1.80
1.80
1.80
1.80
1.80
1.80
1.80
1.80
1.80
1.80
1.80
1.80
1.80
1.80
1.80
1.80
1.80
1.88
1.88
1.88
1.88
1.88
1.88
1.88
1.88
1.88
1.88
1.87
1.87
1.87
1.87
1.87
1.87
1.87
1.87
1.88
1.88
1.88
1.88
1.88
1.88
1.93
1.93
1.93
1.93
1.93
1.93
1.93
1.93
1.93
1.92
1.92
1.92
1.92
1.92
1.92
1.92
1.92
1.92
1.93
1.93
1.93
1.93
1.93
1.93
1.96
1.96
1.96
1.96
1.97
1.97
1.97
1.96
1.96
1.96
1.96
1.96
1.95
1.95
1.95
1.95
1.95
1.96
1.96
1.96
1.96
1.96
1.96
1.96
2.02
2.02
2.02
2.02
2.02
2.02
