5.96
6.97
8.83
11.59
11.48
8.81
7.32
4.71
4.30
4.07
3.68
3.60
3.70
3.13
2.86
2.64
2.84
3.31
3.98
4.11
4.20
4.12
4.11
4.37
4.13
5.67
9.10
7.25
6.24
7.02
8.22
8.97
8.63
7.97
9.26
6.61
5.90
5.01
4.73
4.30
4.29
4.59
4.42
4.60
4.71
4.74
4.57
4.24
4.26
5.33
6.52
9.41
10.90
11.43
11.38
11.57
11.49
12.97
12.97
12.70
12.63
9.56
6.39
5.85
5.08
5.44
5.46
5.25
5.32
4.72
5.60
5.22
5.17
5.60
7.26
9.40
10.40
10.52
10.79
13.32
12.38
13.04
12.64
12.20
15.16
9.34
5.63
5.73
5.90
6.25
6.29
6.13
5.33
4.72
4.49
4.71
4.74
5.79
8.12
11.25
12.02
12.01
12.07
11.79
10.56
11.70
12.27
10.08
9.68
9.89
5.12
4.40
4.62
4.79
4.96
5.36
4.76
4.79
4.77
4.90
6.95
6.80
9.19
9.11
10.87
11.85
10.91
12.27
10.70
10.01
9.48
9.80
10.81
7.50
5.24
4.47
4.57
4.70
4.73
4.78
4.73
4.74
4.65
4.82
4.83
7.17
9.76
11.93
11.91
12.60
10.85
10.28
9.59
7.68
6.25
5.51
7.57
4.84
4.11
4.11
4.65
4.79
5.00
4.94
4.82
4.78
4.90
5.07
5.40
7.20
9.25
11.86
10.19
10.75
8.17
7.06
5.76
4.43
3.62
3.64
4.21
3.72
3.27
3.00
3.75
4.64
5.36
5.45
5.47
5.33
5.51
5.47
6.17
8.77
11.55
15.03
13.50
12.53
8.83
7.63
5.03
4.89
4.64
4.57
5.26
4.48
3.70
3.90
4.42
5.09
5.40
5.01
5.04
4.93
5.16
5.40
5.99
7.33
10.76
12.06
10.19
9.56
5.90
6.39
5.07
3.17
3.17
3.10
3.13
2.82
2.53
2.57
3.01
3.44
3.95
4.45
4.72
4.41
4.04
3.43
