7.74
7.67
8.19
7.47
7.23
6.78
5.29
3.82
3.56
3.34
3.27
5.38
3.47
3.55
4.00
3.83
4.84
5.55
5.83
6.77
7.40
7.12
6.67
5.36
5.95
6.60
7.10
6.94
7.27
5.56
5.75
4.05
4.14
2.83
4.98
2.67
4.46
5.83
5.49
3.11
3.23
4.37
5.89
8.19
8.41
8.13
6.53
6.22
6.90
6.79
6.60
6.78
6.91
8.28
7.76
6.65
5.13
5.61
5.83
4.68
4.89
5.20
4.41
4.50
6.54
8.16
8.49
9.01
8.99
8.56
7.44
6.97
6.72
7.14
7.29
7.08
8.52
8.38
8.21
7.64
7.34
7.25
6.56
6.28
5.78
6.75
6.28
6.27
7.64
8.07
8.43
8.93
9.04
8.80
8.66
8.11
7.44
6.21
5.73
5.60
6.88
6.83
7.02
5.67
5.80
5.58
5.33
4.36
4.44
3.50
4.30
5.60
6.66
7.62
8.51
8.99
9.11
8.74
7.91
7.37
7.68
6.97
7.45
7.82
8.48
8.35
8.26
7.91
6.86
6.44
6.26
6.18
5.63
6.34
6.08
6.44
7.84
8.21
8.57
9.08
9.06
8.91
8.83
8.52
8.24
8.22
8.12
8.00
8.67
8.43
7.87
6.53
5.50
5.31
4.51
3.85
4.22
4.27
4.53
5.70
7.50
8.37
8.44
8.99
8.65
8.26
8.13
7.66
7.21
7.51
7.55
7.61
6.89
6.15
6.07
6.10
5.72
5.40
4.97
4.17
5.36
5.50
5.81
5.32
7.86
8.26
8.65
9.15
9.11
7.88
8.61
8.43
8.71
8.29
7.72
8.13
8.39
7.43
5.88
5.88
5.63
5.58
5.17
5.44
5.55
5.13
6.00
7.11
7.69
8.07
8.30
9.01
9.02
8.88
8.61
8.67
8.22
7.81
7.66
8.10
8.60
8.52
8.39
8.22
7.84
7.22
6.77
6.63
5.34
5.66
5.29
6.77
7.86
8.26
8.75
9.10
9.12
8.93
8.89
8.85
