12.5
12.9
13.9
15.6
16
16.4
17.6
18.2
17.7
18.3
18.1
17.8
18.2
17.7
18.2
18.5
17.7
17.5
17.6
17
16.2
15.8
15.8
15.5
15.4
15.4
15.6
17.1
17.9
19.4
20
19.6
19.8
19.2
19
19.1
18.9
18.9
18.9
18.6
18
18.1
18.6
18
17.9
17.5
17.3
17.2
17.1
17.3
17.7
18.9
19.5
20
20.5
20.3
18.7
18.3
18.1
17
17.1
17.1
17.3
16.6
17
16.6
16
17.9
18.2
17.9
17.6
17.7
17.9
18
18.7
20.1
17.2
18
18.4
16.6
17
14.7
15.5
15.8
15.8
14.9
14.6
14.5
14
13.4
13.2
13.4
13.6
14.3
12.9
13.4
13.5
13.9
14.4
16.1
16.9
16.7
16.4
16.2
15.8
15.8
15
15
15.3
15.1
14.8
15.4
14.7
15.1
14.8
15
13.9
16.7
19.9
19.6
19.4
19
19.3
19.3
19.4
19.8
19
18.3
16.3
16.9
16.5
15.9
15.8
15.8
15.1
14.8
13.8
14.5
14.2
14.5
15.2
16.6
19.1
18.8
18.3
17.8
18.6
19.1
19.4
19.8
19.8
20
19.7
17.9
18.1
16.8
15.6
14.9
14.8
16.4
16.1
15.8
15.7
15.3
13.8
13.5
12.8
13.1
13.3
13.7
14.5
15.1
15.1
15.8
16.1
15.9
15.2
16.3
16.2
16.5
16.3
15.9
15.2
15.5
14.2
13.5
13.5
13.4
13.2
13.7
12.9
13.1
13
14.5
14.2
15.5
15.9
16.5
17.8
17.5
17.4
16.8
17.4
16.3
17
16.5
17.2
15.8
15.4
15.4
15
14.7
14.2
14.8
14.2
13.8
13.4
13.3
14
15.4
18.7
19.2
20.3
19.9
19.6
19.5
19
18.8
18.9
19.6
20
18.5
18
17.5
18.4
16.8
16.3
16.5
15.4
16