18.1
18.3
18.2
18.4
18.7
18.8
18.8
19.4
19.5
19.9
20.3
20.6
20.7
20.6
20.4
20
19.3
18.9
18.9
18.6
19
18.7
18.4
18.5
18
19.6
19.7
20.2
19.5
19.8
20
20.3
21.1
21
21.5
21.4
22.1
21.7
21.9
21.3
20.3
19.7
19.1
18.6
18.6
18.5
18.5
19.2
18.8
18.7
19.6
19.9
20.7
20.1
20.6
20.7
20.5
21.4
21.6
21.8
22
22
21.6
20.1
20.5
20.7
18
17.6
17.9
19.5
19.8
19
19.1
18.2
18
18.1
19
19
19.1
20
20.5
20.5
20.7
21.4
20.7
20.7
20.7
20.9
20.7
20.7
20.5
20.5
18.9
18.8
18.7
18
17.1
17.7
17.4
18.5
19
19.6
19.9
19.9
20.2
20.4
20.7
21
21.5
20.5
17.5
18.4
18.2
18.8
19.1
19.2
19.5
19.1
19
18.9
19
19.6
19.1
19
17.4
15.7
17.2
17.9
19
19.1
19.4
18.7
18.9
18.8
18.8
18.5
17.8
17.9
17.6
17.2
17
16.7
16.3
15.9
15.5
17.5
17.2
17.7
17.9
18.6
19.2
19.7
20.3
20.4
19.5
18.2
19.5
20.4
19.4
19.6
19.1
18.9
18.7
18.9
18.7
18.4
18.2
18.6
18.4
18.5
19.2
19.4
19.8
20.3
20
19.3
19.7
19.5
20.4
20.2
20.4
21.2
21.1
20.7
20.2
20.8
20.6
20.2
19.9
19.2
19.2
18.9
18.7
20.2
20
19.4
20.6
21.3
22
21.9
22.2
23.4
22.5
23.2
23.2
23
23.4
22.7
21.8
22.2
21.4
21.6
21.4
21.1
20.7
20.5
20.4
21.1
21.4
21.4
22.4
23.2
24.1
24.2
24.1
23.6
23.8
25.4
24.4
23.3
23.8
23.6
23
23
22.6
21.2
21.4
21.7
20.3
21.9