16.8
17.1
18.3
18.7
18.5
18.6
18.7
18.3
15.6
14.9
12.2
10.6
9.6
9
10.3
8.7
8
7.5
7.5
9.1
10.3
11.2
12.3
13.4
14.2
14.9
16
15.9
16.7
16.7
16.6
16.2
15.4
14.2
13.1
12.9
12.2
12
10.6
10.3
9.6
9.3
9.9
10.9
11.8
13.7
14.7
15.5
15.8
16.4
16.8
17.2
16.9
16.4
15.9
16
17
16.1
15
13
12
11.1
11.1
9.8
10.1
9.3
8.7
10.2
11.6
12.9
14
14.3
14.4
14.7
15.3
15.1
15.2
14.9
14.9
15.1
15.5
15
14.6
13.2
11.8
11.6
10.1
10.1
9.8
8.7
8.7
10.9
12.2
13.8
15.8
17
17.6
17.5
17.8
17.4
17.7
17.4
17.4
17.3
17.6
16.9
15.8
15.3
13.8
12.9
12.7
11.3
11.9
11.3
10.9
12.7
14.3
15.8
16.5
17.6
18.2
18.6
18.5
18.7
18.7
19
18.7
18.5
18
17.2
15.4
14.5
13.5
13.2
11.3
11.8
11.6
11.1
10.9
11.6
12.7
13.3
14.8
15.4
16.2
17
17.6
17.8
18.5
18.7
18.4
16.5
15
13.5
12.7
12.2
11.6
11.3
11.2
11.2
10.9
10.4
9.9
11.2
11.6
12.2
12.5
13.3
14.1
14.5
15.8
16.4
16.6
16.6
16.6
16.4
14.8
13.3
12.1
11.6
11.1
10.9
10.3
11.1
11.3
11.1
11.1
11.1
11.3
12.1
12.6
12.9
13.1
14.1
15.2
15.4
16.1
16.7
16.9
16.6
15.7
14.1
13.1
12.5
11.6
11.2
10.6
10.9
10.4
9.9
10.1
10.9
11.9
13.1
13.5
15
16
16.6
17.4
17.2
17.4
18.6
17.7
16.4
14.8
13.2
12.1
11.6
11.3
11.1
10.3
10.2
10.2
11.2
11.4
11.4
11.6
11.9
12.4
12.9
