13.5
13.6
13.6
13.1
13.5
14.4
14.9
14.9
15.3
14.4
14.5
13.8
13.8
14.2
14.7
14.8
15
15.2
15
15.1
15
15.1
15
14.3
14
14.1
14.7
14.4
13.9
14.2
14.9
14.8
15.8
15.5
15.5
15.6
16.7
16.5
15.4
15.2
14.2
13.5
13.4
13.1
12.7
12.5
12.4
12.4
12.5
12.7
12.8
13.4
13
13.8
13.7
15
14.9
15.9
15.6
14.9
14.9
15.1
14.7
13.9
13.8
13.6
13.3
13.4
13.9
14
14
14.2
14.3
14.3
14.5
14.9
15.2
14.9
16.1
15.5
15.6
15.6
15.6
16.6
17.4
16.3
16.4
15.6
15.1
14.7
14.6
14.3
14.2
14.6
15
15.3
15.2
15.1
15.8
15.5
15.7
15
15.6
15.4
15.3
15.3
15.5
15.7
15.4
15.2
14.8
14.9
15
12.3
12.5
12.3
12.1
12
12
12.3
12.6
12.9
14
14
14.4
13
14.6
14.1
14.3
14.7
14.5
15
15.2
14.7
14.5
14.4
14.2
14.4
14.1
13.7
13.8
13.2
12.4
11.9
11.9
12.4
12.6
13.9
15
15.5
16.3
17.6
17.3
16.8
17.4
17.6
17.3
17.1
17.2
16.4
15.5
15.1
14.7
14.4
15
15.7
15.6
15.1
16.1
15.8
15.6
16.1
15.8
17.1
17
16.7
17
18.2
19.7
17.9
18.2
18.1
17.9
17.5
16.9
16.5
16.7
16.7
17.3
16.7
16.3
16
16
15.9
17.2
16.9
17.9
18.9
19
19
18.6
19.1
19
18.5
18.4
19.2
17.9
17.4
16.7
16.6
17.5
17.4
16.4
16.4
16.2
16.8
16.6
17.3
17.7
19.2
19.6
19.1
20.2
20.9
20.8
19.9
19.9
21.2
20
20.4
20.3
19.6
19.3
18.8
18.7
18.5
18.5
18.2
18.5
18.4