135.89
137.11
137.38
135.76
138.10
139.41
113.28
66.12
53.32
50.51
49.87
49.46
47.71
46.33
45.28
43.77
48.56
58.45
86.91
114.92
120.80
111.27
105.66
103.04
101.51
102.88
104.45
102.95
106.41
105.49
81.35
57.75
54.48
48.21
49.10
47.15
43.63
44.65
45.92
47.76
51.90
61.64
82.44
108.29
118.46
119.83
123.95
123.26
120.76
119.83
125.91
134.99
150.12
156.06
140.81
110.45
92.61
87.12
88.42
91.80
93.00
89.43
87.72
83.62
86.79
101.52
124.29
150.39
158.57
168.45
177.78
181.13
186.99
187.14
186.22
187.15
186.01
186.68
166.29
127.72
103.89
94.44
93.51
87.98
83.66
76.50
85.69
101.90
105.75
107.69
140.89
167.90
168.30
157.65
153.84
155.64
159.29
159.46
163.81
169.39
180.28
181.90
165.18
134.33
119.78
111.15
110.15
99.21
99.42
104.01
107.59
103.92
107.94
132.16
160.48
183.66
188.08
180.42
178.05
175.93
183.26
187.73
185.85
189.34
190.87
194.33
186.39
152.27
117.61
112.51
99.89
98.80
97.38
93.34
95.54
104.92
122.38
124.73
158.84
183.35
190.12
182.73
176.68
174.14
175.83
176.76
177.96
183.81
178.28
179.00
162.33
126.38
94.69
81.64
76.19
67.96
61.57
60.70
64.22
74.21
77.81
94.75
117.46
142.17
148.72
141.64
136.52
136.73
146.96
151.57
157.33
159.43
165.56
169.75
141.15
99.13
85.12
79.56
74.83
71.48
69.16
67.38
70.40
78.04
87.30
106.43
145.30
179.58
187.54
180.84
177.22
179.14
178.97
179.89
179.69
178.53
183.92
186.68
153.22
100.66
76.72
74.23
69.96
72.45
71.98
73.57
80.35
87.82
94.41
120.17
160.96
193.22
185.35
178.18
182.05
183.84
190.60
197.07
200.58
207.28
209.73
216.42
195.68
161.58
139.81
130.58
126.90
125.83
124.18
124.24
128.16
139.71
155.75
175.79
199.34
223.33
229.27
230.55
219.78
205.74
