176.97
195.03
195.10
194.07
190.13
172.24
158.84
164.36
144.63
117.16
104.96
107.36
117.39
116.91
113.40
119.54
157.11
176.71
177.20
173.91
169.48
172.09
147.37
134.56
136.06
141.14
142.76
141.31
136.15
130.90
125.71
117.14
114.82
109.49
123.41
121.15
121.74
120.64
126.89
124.75
134.39
153.71
160.87
163.28
157.05
148.40
153.95
156.76
156.88
161.23
171.76
181.91
195.47
188.68
191.58
190.26
177.63
178.42
175.64
182.37
182.10
181.99
193.81
207.88
219.33
223.56
219.76
219.95
230.08
210.60
191.40
177.30
181.02
183.47
185.99
193.71
215.57
232.78
213.36
203.01
194.49
202.63
210.28
209.87
214.84
218.33
213.86
224.90
244.50
254.58
256.24
253.37
265.34
261.96
234.34
213.52
208.74
207.31
208.19
213.11
221.82
226.18
212.11
203.38
189.32
190.56
183.79
187.14
196.60
201.95
207.02
220.64
227.06
224.79
227.53
235.17
254.60
245.13
220.64
220.67
215.16
208.67
208.87
217.52
241.87
227.30
217.09
223.37
236.64
227.12
238.35
232.43
229.46
189.19
234.00
238.10
228.24
255.81
241.72
215.23
267.51
266.91
217.28
259.18
263.38
167.22
164.91
256.81
199.62
206.36
202.70
194.57
158.22
154.49
184.44
150.90
185.42
192.97
190.46
237.07
231.21
252.60
236.40
251.07
234.23
214.99
169.42
217.83
188.21
205.60
222.67
216.96
215.88
191.17
148.13
143.10
124.77
104.44
111.13
110.74
108.94
78.45
136.72
120.46
189.95
181.82
212.32
203.07
225.43
228.96
210.63
200.84
154.15
200.81
150.38
202.31
181.23
116.59
135.79
118.10
101.36
94.83
89.62
86.26
100.29
99.02
96.26
159.80
173.97
170.22
171.99
230.31
225.03
208.91
216.40
206.10
217.19
227.50
234.47
236.21
277.09
229.45
220.42
241.97
232.72
223.72
220.31
221.59
222.60
199.25
223.03
241.96
207.62
271.34
272.45
279.94
295.42
283.94
282.11
296.45
