706.25
705.23
704.16
698.27
688.80
682.25
678.40
676.89
678.12
675.68
672.12
671.96
672.34
677.03
678.96
674.82
673.59
674.00
680.12
695.58
698.62
700.27
701.19
704.35
708.09
705.34
695.37
688.05
684.96
681.59
682.84
686.64
684.99
681.84
678.93
677.15
678.64
681.88
682.20
678.36
676.21
674.81
678.64
690.48
692.23
693.27
695.35
700.41
704.02
701.30
696.91
696.30
695.65
694.86
689.75
682.89
681.50
678.84
675.76
673.17
672.17
675.45
678.37
676.81
677.19
677.48
686.76
696.61
698.71
699.58
701.37
704.85
709.52
710.40
709.22
705.36
700.56
698.29
679.58
660.61
659.45
668.46
684.35
688.94
683.99
683.95
684.83
681.27
679.51
678.92
683.04
696.75
698.33
699.83
700.94
704.11
707.80
708.98
704.96
697.56
689.92
684.67
687.43
692.20
691.68
689.79
686.93
684.61
682.96
683.67
684.74
681.02
678.65
678.29
680.25
693.14
694.56
694.74
694.33
698.03
702.92
704.37
700.47
694.37
689.61
685.68
674.64
659.10
654.66
658.16
662.11
667.00
672.58
682.00
689.28
691.48
693.29
694.26
693.43
691.28
692.23
693.83
696.76
699.94
700.94
697.88
694.59
695.11
697.98
694.24
684.50
674.83
673.52
673.07
672.96
671.77
672.30
677.43
679.09
676.42
675.93
674.47
675.07
696.84
696.45
696.29
696.38
700.00
703.76
703.60
701.43
694.02
686.47
684.85
683.23
685.22
687.36
686.69
682.36
679.01
676.60
681.13
680.91
677.22
676.96
676.67
683.49
692.89
694.27
694.83
694.49
695.84
699.07
700.76
695.36
685.41
680.20
677.23
676.86
680.12
680.96
681.61
680.09
676.73
673.23
678.51
681.76
677.02
675.10
675.28
686.24
691.86
693.14
693.47
694.00
696.52
700.83
700.88
698.59
696.14
691.58
687.93
682.16
675.38
673.19
673.70
673.87
672.04
672.96
681.69
690.62
689.21
688.50
688.26
682.55
690.03
691.18
691.51
692.25
694.75
