88.57
63.79
58.33
59.38
60.80
63.83
65.47
79.21
73.29
72.34
71.69
74.46
75.94
68.23
67.07
66.03
61.00
63.63
65.60
66.10
71.97
69.73
60.62
58.79
57.92
59.43
63.60
72.14
72.37
87.70
110.39
135.53
110.58
110.52
125.31
114.35
110.05
100.51
99.40
92.22
101.63
99.98
122.09
129.30
124.47
119.81
121.77
106.43
95.98
90.11
90.25
121.04
126.75
176.10
197.78
190.27
183.98
165.58
159.66
152.80
155.44
136.62
120.58
108.21
114.31
111.84
111.11
104.81
103.65
112.32
113.72
104.07
100.48
82.68
81.90
89.11
99.58
121.26
143.90
135.27
149.37
149.53
140.56
144.50
132.27
140.76
112.44
87.02
83.58
86.57
93.42
102.30
111.01
128.76
122.71
120.97
132.41
141.78
137.04
169.20
178.26
175.63
217.98
250.73
252.98
270.86
275.30
267.00
232.85
184.04
186.62
167.32
149.89
157.50
157.36
152.83
137.17
125.04
119.39
122.64
105.44
106.22
102.57
119.96
132.54
159.34
196.64
233.93
273.62
296.86
300.95
292.53
243.09
219.67
199.91
174.96
153.72
146.11
136.35
127.59
115.63
104.88
108.64
97.85
118.84
108.16
103.42
119.23
134.76
161.84
170.73
170.81
180.16
185.31
182.49
170.58
151.37
154.56
147.23
123.01
109.05
103.97
104.33
102.21
99.56
89.51
89.12
91.91
101.29
90.49
80.55
81.65
98.03
139.50
170.12
128.32
119.14
99.09
96.08
119.01
152.81
134.25
102.62
81.04
88.35
92.34
99.88
98.00
96.84
106.19
104.73
98.00
78.50
72.63
72.78
73.58
78.17
86.55
108.23
97.28
106.90
91.91
96.30
100.79
109.63
148.13
116.47
102.89
99.13
97.56
87.61
89.95
94.91
91.13
86.05
83.01
81.67
71.74
66.81
69.81
71.99
80.16
80.66
74.79
76.37
83.26
82.01
80.99
78.79
63.80
57.39
58.08
52.66
49.11
52.24
52.36
49.44
47.37
47.48
44.35
