11.45
10.25
10.71
10.11
10.53
9.35
8.64
7.43
9.39
13.73
16.97
10.04
7.09
11.46
15.01
12.26
6.58
9.41
12.04
14.92
15.44
16.10
29.94
36.65
35.45
30.48
31.89
32.87
30.18
31.19
28.01
33.42
36.37
39.52
35.12
27.93
25.17
26.00
31.24
39.06
35.15
40.11
31.12
17.34
27.07
29.58
27.79
29.81
27.97
29.54
27.42
26.55
16.60
28.50
33.23
37.50
41.92
35.14
38.86
33.47
29.64
28.63
28.60
23.74
21.30
37.23
36.51
42.35
33.57
33.62
18.05
26.09
26.63
22.69
20.09
14.63
29.18
37.78
34.34
31.83
32.45
25.47
22.74
25.83
27.83
22.45
23.23
15.53
25.30
39.16
39.84
40.75
33.86
36.50
22.77
16.91
14.20
24.50
23.93
24.54
17.59
18.71
29.57
41.22
39.12
36.86
36.73
39.06
38.52
40.98
38.44
35.23
31.64
28.74
28.45
29.71
32.97
33.17
35.16
47.46
44.62
37.45
29.11
19.35
34.68
44.22
41.01
33.30
31.15
31.40
35.13
34.32
34.53
33.04
28.62
21.43
32.86
43.62
45.51
47.23
47.07
50.81
37.44
22.15
14.64
15.07
17.27
16.83
22.46
31.19
22.44
23.98
41.00
36.82
40.10
43.09
43.46
37.65
25.30
15.39
20.72
32.96
33.76
32.84
29.54
23.05
16.50
12.19
10.84
11.01
11.78
10.76
15.58
24.16
31.31
31.83
38.67
38.33
38.96
37.07
36.88
36.07
31.32
21.24
26.03
42.94
41.95
42.58
40.89
44.69
26.54
21.64
19.94
19.87
20.12
18.58
16.50
16.10
35.44
40.10
38.46
35.73
42.06
35.04
35.46
37.14
26.17
16.93
25.75
39.92
39.81
38.96
40.22
43.38
37.44
23.53
22.89
19.41
20.17
27.77
38.67
46.01
44.50
42.65
34.06
34.14
35.06
37.21
50.68
51.35
49.71
27.74
42.05
48.15
49.62
52.66
51.60
51.87
37.52
30.75
